1206.23
102.07
46.39
826.26
121.37
36.12
172.38
36.95
35.88
8.99
119.92
47.99
14.11
67.46
103.06
23.26
81.96
13.88
13.25
3.43
54.05
10.56
1.97
37.37
11.52
5.84
9.13
2.01
7.76
2.05
1084.04
300.90
47.65
513.73
228.66
38.24
244.78
50.60
38.23
28.76
158.69
172.62
39.58
87.23
226.51
45.28
65.13
16.70
28.07
7.97
90.28
33.26
15.03
71.81
68.13
20.52
16.78
12.15
3.91
3.63
18.41
18.07
8.96
7.64
21.72
10.21
1.98
6.03
4.37
2.05
161.17
149.50
33.01
144.83
152.75
29.66
61.44
23.59
34.59
11.66
115.09
52.85
31.62
53.29
78.87
37.13
30.40
12.66
6.10
5.78
37.96
44.86
11.90
9.29
48.63
20.46
17.14
15.73
10.53
5.25
18.28
20.56
6.82
6.79
12.26
9.06
5.18
3.98
1.98
4.35
57.14
28.05
59.07
8.89
11.05
11.80
5.00
7.03
16.36
37.97
12.72
32.36
9.19
8.92
7.93
11.37
27.31
13.95
39.83
18.07
8.14
9.71
5.19
5.00
5.86
6.17
11.05
7.53
6.72
5.88
1.99
1.99
4.70
7.15
5.79
7.22
5.13
11.72
2.01
4.19
24.41
15.61
8.40
7.66
3.75
4.69
1.99
2.02
12.66
7.46
3.94
9.36
2.00
8.97
1.99
2.03
2.97
5.27
5.38
4.83
1.98
7.23
1.99
1.99
